77
-0.000 0.000 252.508 -0.000 0.000 251.508
-0.000 0.000 153.802 -0.000 0.000 152.802
-0.000 0.000 101.192 -0.000 0.000 100.192
67.698 0.000 95.687 67.225 0.000 94.806
119.781 0.000 27.988 118.801 0.000 27.790
97.304 0.000 -58.088 96.452 0.000 -57.565
39.040 0.000 -104.669 38.711 0.000 -103.725
-63.193 0.000 -95.866 -62.713 0.000 -94.989
-127.443 0.000 -16.102 -126.451 0.000 -15.974
-90.654 0.000 100.302 -89.999 0.000 99.546
4.567 0.000 128.977 4.530 0.000 127.978
101.454 0.000 101.244 101.185 0.000 100.281
75.396 0.000 7.842 75.127 0.000 6.879
55.458 0.000 -63.504 55.189 0.000 -64.467
41.940 0.000 -138.797 41.839 0.000 -139.791
34.272 0.000 -233.361 34.299 0.000 -234.361
10.624 0.000 -291.879 10.651 0.000 -292.879
-6.726 0.000 -465.672 -6.445 0.000 -466.632
-15.629 0.000 -579.313 -14.748 0.000 -579.788
-5.558 0.000 -670.458 -4.562 0.000 -670.546
131.821 0.000 -699.677 132.820 0.000 -699.637
286.793 0.000 -716.552 287.643 0.000 -716.025
440.443 0.000 -720.251 440.906 0.000 -719.364
595.501 0.000 -677.768 595.764 0.000 -676.803
691.475 0.000 -619.327 691.548 0.000 -618.330
697.953 0.000 -471.946 698.005 0.000 -470.947
698.445 0.000 -312.932 698.518 0.000 -311.935
695.745 0.000 -196.804 695.755 0.000 -195.804
716.450 0.000 -90.839 715.587 0.000 -90.333
672.003 0.000 -15.535 671.009 0.000 -15.432
696.611 0.000 349.881 695.612 0.000 349.855
693.507 0.000 466.612 692.508 0.000 466.586
688.217 0.000 672.591 687.218 0.000 672.565
556.756 0.000 679.843 555.756 0.000 679.818
448.887 0.000 677.094 447.887 0.000 677.068
319.743 0.000 673.777 318.743 0.000 673.752
211.032 0.000 691.529 210.032 0.000 691.503
95.676 0.000 703.813 94.891 0.000 703.193
-47.748 0.000 676.651 -47.751 0.000 675.651
-195.860 0.000 677.119 -195.863 0.000 676.119
-337.285 0.000 677.565 -337.288 0.000 676.565
-510.223 0.000 678.110 -510.226 0.000 677.110
-655.621 0.000 678.569 -655.624 0.000 677.569
-680.310 0.000 569.876 -680.314 0.000 568.876
-680.624 0.000 477.435 -680.627 0.000 476.435
-680.937 0.000 378.406 -680.940 0.000 377.406
-681.309 0.000 260.426 -681.312 0.000 259.426
-681.407 0.000 155.882 -681.367 0.000 154.883
-664.874 0.000 4.841 -663.875 0.000 4.808
-667.215 0.000 -69.163 -666.216 0.000 -69.196
-672.177 0.000 -222.115 -671.178 0.000 -222.148
-678.262 0.000 -409.635 -677.262 0.000 -409.668
-615.969 0.000 -561.187 -614.969 0.000 -561.219
-487.628 0.000 -657.573 -486.658 0.000 -657.330
-331.359 0.000 -680.103 -330.564 0.000 -679.495
-148.093 0.000 -650.022 -147.641 0.000 -649.130
-26.032 0.000 -612.843 -25.991 0.000 -611.844
129.869 0.000 -619.027 129.910 0.000 -618.027
295.152 0.000 -625.868 295.193 0.000 -624.869
446.572 0.000 -632.136 446.613 0.000 -631.137
627.335 0.000 -628.008 627.376 0.000 -627.009
696.735 0.000 -538.036 696.605 0.000 -537.045
708.019 0.000 -380.606 707.681 0.000 -379.665
710.849 0.000 -265.869 710.266 0.000 -265.056
682.381 0.000 -106.810 681.503 0.000 -106.331
639.723 0.000 -4.287 638.732 0.000 -4.152
630.380 0.000 282.386 629.382 0.000 282.329
617.336 0.000 451.282 616.362 0.000 451.056
579.775 0.000 612.940 578.801 0.000 612.714
445.454 0.000 704.181 444.612 0.000 703.641
278.094 0.000 717.960 277.432 0.000 717.210
98.066 0.000 650.994 97.879 0.000 650.012
-6.688 0.000 577.083 -6.662 0.000 576.084
-4.933 0.000 506.698 -4.907 0.000 505.698
-3.082 0.000 436.017 -3.055 0.000 435.017
0.088 0.000 315.125 0.114 0.000 314.126
-0.000 0.000 252.508 -0.000 0.000 251.508
